Indeces of clusters,Elements of clusters
cluster_1,[[1,49],[1,50],[-1,-1]]
cluster_2,[[49,2],[49,1],[-1,-1]]
cluster_3,[[50,49],[50,50],[49,50],[50,48],[-1,-1]]
cluster_4,[[1,3],[1,4],[1,5],[-1,-1]]
cluster_5,[[2,6],[3,6],[-1,-1]]
cluster_6,[[2,7],[3,7],[1,7],[3,8],[3,9],[-1,-1]]
cluster_7,[[2,10],[3,10],[2,11],[2,12],[1,12],[-1,-1]]
cluster_8,[[2,13],[3,13],[-1,-1]]
cluster_9,[[1,13],[1,14],[-1,-1]]
cluster_10,[[2,18],[2,19],[1,18],[1,19],[3,19],[-1,-1]]
cluster_11,[[1,20],[1,21],[-1,-1]]
cluster_12,[[2,23],[1,23],[1,24],[-1,-1]]
cluster_13,[[2,25],[2,26],[2,27],[3,27],[-1,-1]]
cluster_14,[[2,28],[3,28],[1,28],[-1,-1]]
cluster_15,[[1,29],[1,30],[-1,-1]]
cluster_16,[[2,31],[2,32],[3,32],[-1,-1]]
cluster_17,[[1,32],[1,33],[-1,-1]]
cluster_18,[[2,34],[1,34],[-1,-1]]
cluster_19,[[2,36],[3,36],[-1,-1]]
cluster_20,[[2,41],[2,42],[-1,-1]]
cluster_21,[[1,41],[1,42],[-1,-1]]
cluster_22,[[2,44],[1,44],[-1,-1]]
cluster_23,[[2,46],[1,46],[-1,-1]]
cluster_24,[[2,47],[3,47],[-1,-1]]
cluster_25,[[49,6],[49,7],[48,7],[-1,-1]]
cluster_26,[[50,6],[50,7],[-1,-1]]
cluster_27,[[50,8],[50,9],[49,9],[-1,-1]]
cluster_28,[[49,10],[49,11],[50,11],[49,12],[50,12],[48,12],[-1,-1]]
cluster_29,[[49,14],[50,14],[-1,-1]]
cluster_30,[[49,15],[50,15],[-1,-1]]
cluster_31,[[49,16],[50,16],[48,16],[-1,-1]]
cluster_32,[[49,17],[50,17],[-1,-1]]
cluster_33,[[49,18],[50,18],[-1,-1]]
cluster_34,[[50,19],[50,20],[-1,-1]]
cluster_35,[[50,22],[50,23],[-1,-1]]
cluster_36,[[49,25],[49,26],[50,26],[-1,-1]]
cluster_37,[[50,27],[50,28],[-1,-1]]
cluster_38,[[49,30],[49,31],[-1,-1]]
cluster_39,[[50,34],[50,35],[-1,-1]]
cluster_40,[[50,36],[50,37],[49,37],[-1,-1]]
cluster_41,[[49,39],[50,39],[-1,-1]]
cluster_42,[[50,44],[50,45],[-1,-1]]
cluster_43,[[49,46],[50,46],[-1,-1]]
cluster_44,[[49,47],[49,48],[-1,-1]]
cluster_45,[[4,2],[4,3],[-1,-1]]
cluster_46,[[5,2],[6,2],[5,3],[5,4],[-1,-1]]
cluster_47,[[7,1],[8,1],[-1,-1]]
cluster_48,[[9,2],[9,3],[-1,-1]]
cluster_49,[[10,2],[10,3],[10,1],[11,3],[-1,-1]]
cluster_50,[[12,2],[13,2],[13,1],[-1,-1]]
cluster_51,[[18,2],[19,2],[18,3],[-1,-1]]
cluster_52,[[20,1],[21,1],[21,2],[-1,-1]]
cluster_53,[[22,1],[22,2],[23,1],[-1,-1]]
cluster_54,[[30,2],[31,2],[30,3],[30,1],[-1,-1]]
cluster_55,[[32,2],[32,3],[-1,-1]]
cluster_56,[[35,1],[36,1],[37,1],[37,2],[38,2],[-1,-1]]
cluster_57,[[36,2],[36,3],[-1,-1]]
cluster_59,[[39,2],[40,2],[39,3],[39,1],[-1,-1]]
cluster_60,[[43,2],[44,2],[43,3],[43,1],[44,3],[44,4],[-1,-1]]
cluster_61,[[44,1],[45,1],[45,2],[45,3],[46,2],[46,3],[-1,-1]]
cluster_63,[[47,2],[48,2],[-1,-1]]
cluster_64,[[5,49],[6,49],[5,50],[6,48],[-1,-1]]
cluster_65,[[7,49],[7,50],[-1,-1]]
cluster_67,[[8,49],[8,50],[-1,-1]]
cluster_68,[[13,49],[13,50],[-1,-1]]
cluster_69,[[17,49],[17,50],[-1,-1]]
cluster_70,[[18,50],[19,50],[-1,-1]]
cluster_71,[[22,50],[23,50],[-1,-1]]
cluster_72,[[25,50],[26,50],[-1,-1]]
cluster_73,[[26,49],[27,49],[-1,-1]]
cluster_74,[[28,50],[29,50],[-1,-1]]
cluster_75,[[31,49],[31,50],[-1,-1]]
cluster_76,[[32,49],[33,49],[32,50],[33,48],[-1,-1]]
cluster_77,[[36,49],[36,50],[-1,-1]]
cluster_78,[[39,49],[40,49],[40,48],[-1,-1]]
cluster_79,[[41,49],[42,49],[43,49],[42,50],[-1,-1]]
cluster_80,[[44,50],[45,50],[46,50],[-1,-1]]
cluster_81,[[3,15],[4,15],[-1,-1]]
cluster_82,[[3,16],[4,16],[4,17],[-1,-1]]
cluster_83,[[3,18],[4,18],[-1,-1]]
cluster_84,[[3,20],[3,21],[-1,-1]]
cluster_85,[[3,24],[3,25],[3,26],[4,26],[-1,-1]]
cluster_86,[[3,30],[3,31],[-1,-1]]
cluster_87,[[3,43],[3,44],[-1,-1]]
cluster_88,[[4,5],[5,5],[6,5],[6,6],[-1,-1]]
cluster_89,[[4,6],[5,6],[4,7],[4,8],[-1,-1]]
cluster_90,[[4,10],[5,10],[5,11],[-1,-1]]
cluster_91,[[4,11],[4,12],[-1,-1]]
cluster_92,[[4,13],[5,13],[-1,-1]]
cluster_93,[[4,27],[5,27],[5,26],[-1,-1]]
cluster_94,[[4,28],[4,29],[-1,-1]]
cluster_95,[[4,38],[4,39],[-1,-1]]
cluster_96,[[4,46],[4,47],[4,48],[5,48],[-1,-1]]
cluster_97,[[5,18],[6,18],[-1,-1]]
cluster_98,[[5,19],[5,20],[-1,-1]]
cluster_99,[[5,21],[6,21],[-1,-1]]
cluster_100,[[5,23],[6,23],[6,22],[7,23],[6,24],[-1,-1]]
cluster_101,[[5,31],[6,31],[-1,-1]]
cluster_102,[[5,36],[5,37],[-1,-1]]
cluster_103,[[5,41],[5,42],[-1,-1]]
cluster_104,[[5,43],[5,44],[-1,-1]]
cluster_105,[[5,46],[5,47],[-1,-1]]
cluster_106,[[6,8],[7,8],[8,8],[8,9],[-1,-1]]
cluster_107,[[6,12],[7,12],[6,13],[-1,-1]]
cluster_108,[[6,14],[7,14],[-1,-1]]
cluster_109,[[6,15],[6,16],[-1,-1]]
cluster_110,[[6,27],[6,28],[-1,-1]]
cluster_111,[[6,29],[7,29],[7,30],[-1,-1]]
cluster_112,[[6,35],[7,35],[-1,-1]]
cluster_113,[[6,36],[7,36],[6,37],[6,38],[6,39],[6,40],[8,36],[-1,-1]]
cluster_114,[[6,41],[6,42],[-1,-1]]
cluster_115,[[6,44],[6,45],[-1,-1]]
cluster_116,[[7,9],[7,10],[-1,-1]]
cluster_117,[[7,15],[8,15],[8,14],[9,14],[-1,-1]]
cluster_118,[[7,16],[8,16],[-1,-1]]
cluster_119,[[7,17],[8,17],[9,17],[-1,-1]]
cluster_120,[[7,20],[8,20],[7,21],[7,22],[8,18],[8,19],[-1,-1]]
cluster_121,[[7,24],[7,25],[-1,-1]]
cluster_122,[[7,37],[8,37],[9,37],[9,35],[9,36],[-1,-1]]
cluster_123,[[7,38],[7,39],[7,40],[7,41],[-1,-1]]
cluster_124,[[7,46],[7,47],[7,48],[-1,-1]]
cluster_125,[[8,5],[8,6],[9,6],[9,7],[9,8],[10,8],[11,8],[-1,-1]]
cluster_128,[[8,21],[9,21],[9,22],[10,22],[10,20],[10,21],[11,22],[11,21],[-1,-1]]
cluster_129,[[8,22],[8,23],[-1,-1]]
cluster_130,[[8,24],[9,24],[-1,-1]]
cluster_131,[[8,29],[9,29],[-1,-1]]
cluster_132,[[8,31],[9,31],[10,31],[10,32],[-1,-1]]
cluster_133,[[8,33],[9,33],[9,32],[-1,-1]]
cluster_134,[[8,38],[8,39],[-1,-1]]
cluster_135,[[8,45],[9,45],[-1,-1]]
cluster_136,[[8,48],[9,48],[9,46],[9,47],[10,48],[10,49],[-1,-1]]
cluster_137,[[9,4],[10,4],[10,5],[11,5],[10,6],[12,5],[-1,-1]]
cluster_138,[[9,18],[9,19],[9,20],[-1,-1]]
cluster_139,[[9,27],[10,27],[-1,-1]]
cluster_142,[[10,10],[11,10],[11,9],[12,9],[11,11],[11,12],[11,13],[-1,-1]]
cluster_144,[[10,28],[10,29],[10,30],[-1,-1]]
cluster_145,[[10,34],[11,34],[-1,-1]]
cluster_146,[[10,36],[11,36],[11,35],[-1,-1]]
cluster_147,[[10,37],[11,37],[11,38],[11,39],[-1,-1]]
cluster_148,[[10,40],[10,41],[-1,-1]]
cluster_149,[[10,43],[10,44],[-1,-1]]
cluster_151,[[11,15],[11,16],[11,17],[-1,-1]]
cluster_152,[[11,27],[11,28],[12,28],[-1,-1]]
cluster_153,[[11,31],[12,31],[12,32],[12,33],[13,33],[12,34],[-1,-1]]
cluster_154,[[11,41],[11,42],[-1,-1]]
cluster_155,[[11,44],[12,44],[-1,-1]]
cluster_156,[[11,45],[12,45],[-1,-1]]
cluster_157,[[11,46],[11,47],[-1,-1]]
cluster_158,[[12,3],[13,3],[-1,-1]]
cluster_159,[[12,8],[13,8],[13,7],[14,8],[14,9],[-1,-1]]
cluster_160,[[12,10],[13,10],[14,10],[-1,-1]]
cluster_161,[[12,11],[13,11],[13,12],[14,12],[15,12],[-1,-1]]
cluster_162,[[12,12],[12,13],[-1,-1]]
cluster_163,[[12,15],[12,16],[12,17],[-1,-1]]
cluster_164,[[12,19],[12,20],[12,21],[13,21],[-1,-1]]
cluster_165,[[12,25],[12,26],[13,26],[-1,-1]]
cluster_166,[[12,29],[13,29],[-1,-1]]
cluster_167,[[12,35],[13,35],[13,34],[13,36],[-1,-1]]
cluster_168,[[12,37],[13,37],[-1,-1]]
cluster_169,[[12,38],[12,39],[13,39],[14,39],[14,38],[-1,-1]]
cluster_170,[[12,43],[13,43],[14,43],[14,41],[14,42],[-1,-1]]
cluster_171,[[13,14],[14,14],[14,13],[-1,-1]]
cluster_172,[[13,16],[13,17],[14,17],[13,18],[15,17],[14,15],[15,15],[15,16],[16,17],[-1,-1]]
cluster_173,[[13,19],[13,20],[-1,-1]]
cluster_174,[[13,22],[14,22],[14,23],[-1,-1]]
cluster_175,[[13,25],[14,25],[-1,-1]]
cluster_176,[[13,47],[14,47],[-1,-1]]
cluster_177,[[14,5],[15,5],[-1,-1]]
cluster_178,[[14,6],[15,6],[-1,-1]]
cluster_179,[[14,19],[15,19],[-1,-1]]
cluster_181,[[14,21],[15,21],[15,20],[-1,-1]]
cluster_182,[[14,28],[14,29],[-1,-1]]
cluster_183,[[14,36],[15,36],[15,37],[-1,-1]]
cluster_185,[[15,8],[16,8],[16,7],[-1,-1]]
cluster_186,[[15,14],[16,14],[-1,-1]]
cluster_187,[[15,23],[15,24],[-1,-1]]
cluster_188,[[15,26],[16,26],[17,26],[17,25],[-1,-1]]
cluster_189,[[15,28],[15,29],[-1,-1]]
cluster_190,[[15,30],[16,30],[15,31],[16,31],[-1,-1]]
cluster_191,[[15,33],[15,34],[15,35],[16,35],[-1,-1]]
cluster_192,[[15,39],[15,40],[15,41],[-1,-1]]
cluster_194,[[15,43],[16,43],[16,44],[17,44],[-1,-1]]
cluster_195,[[15,45],[15,46],[-1,-1]]
cluster_196,[[15,47],[16,47],[16,46],[16,48],[-1,-1]]
cluster_197,[[16,6],[17,6],[17,7],[-1,-1]]
cluster_198,[[16,9],[16,10],[16,11],[-1,-1]]
cluster_199,[[16,18],[17,18],[-1,-1]]
cluster_200,[[16,19],[16,20],[16,21],[-1,-1]]
cluster_201,[[16,23],[16,24],[-1,-1]]
cluster_202,[[16,33],[17,33],[-1,-1]]
cluster_203,[[16,36],[17,36],[16,37],[17,34],[17,35],[-1,-1]]
cluster_204,[[16,39],[16,40],[-1,-1]]
cluster_205,[[16,41],[16,42],[-1,-1]]
cluster_206,[[17,4],[18,4],[17,5],[18,5],[-1,-1]]
cluster_207,[[17,8],[18,8],[-1,-1]]
cluster_208,[[17,9],[18,9],[19,9],[19,8],[19,10],[20,10],[19,11],[21,10],[21,9],[22,9],[-1,-1]]
cluster_209,[[17,12],[18,12],[17,13],[-1,-1]]
cluster_210,[[17,14],[17,15],[18,15],[17,16],[-1,-1]]
cluster_211,[[17,20],[18,20],[17,21],[18,21],[19,21],[18,22],[19,22],[19,23],[-1,-1]]
cluster_212,[[17,23],[17,24],[-1,-1]]
cluster_213,[[17,28],[18,28],[-1,-1]]
cluster_215,[[17,43],[18,43],[-1,-1]]
cluster_216,[[17,45],[17,46],[-1,-1]]
cluster_217,[[18,13],[19,13],[18,14],[-1,-1]]
cluster_218,[[18,18],[18,19],[-1,-1]]
cluster_219,[[18,23],[18,24],[19,24],[18,25],[-1,-1]]
cluster_220,[[18,33],[19,33],[-1,-1]]
cluster_221,[[18,38],[19,38],[18,39],[19,37],[-1,-1]]
cluster_222,[[18,46],[18,47],[-1,-1]]
cluster_223,[[19,4],[19,5],[-1,-1]]
cluster_224,[[19,7],[20,7],[-1,-1]]
cluster_225,[[19,14],[20,14],[19,15],[-1,-1]]
cluster_226,[[19,19],[19,20],[-1,-1]]
cluster_227,[[19,27],[20,27],[-1,-1]]
cluster_228,[[19,30],[19,31],[19,32],[20,32],[20,33],[-1,-1]]
cluster_229,[[19,34],[19,35],[-1,-1]]
cluster_230,[[19,39],[20,39],[-1,-1]]
cluster_231,[[19,40],[19,41],[20,41],[21,41],[-1,-1]]
cluster_232,[[19,46],[20,46],[19,47],[20,47],[21,46],[20,48],[21,48],[22,48],[-1,-1]]
cluster_233,[[20,5],[20,6],[21,6],[-1,-1]]
cluster_234,[[20,8],[20,9],[-1,-1]]
cluster_235,[[20,11],[21,11],[22,11],[21,12],[22,10],[-1,-1]]
cluster_236,[[20,20],[21,20],[20,21],[21,19],[-1,-1]]
cluster_237,[[20,22],[21,22],[20,23],[21,23],[22,23],[-1,-1]]
cluster_238,[[20,29],[21,29],[20,30],[-1,-1]]
cluster_239,[[20,34],[20,35],[-1,-1]]
cluster_240,[[20,36],[21,36],[20,37],[21,37],[20,38],[21,38],[-1,-1]]
cluster_241,[[20,43],[21,43],[20,44],[20,45],[21,45],[-1,-1]]
cluster_243,[[21,14],[21,15],[21,16],[-1,-1]]
cluster_244,[[21,17],[22,17],[-1,-1]]
cluster_245,[[21,21],[22,21],[-1,-1]]
cluster_246,[[21,24],[21,25],[-1,-1]]
cluster_247,[[21,26],[22,26],[-1,-1]]
cluster_248,[[21,27],[21,28],[-1,-1]]
cluster_249,[[21,35],[22,35],[-1,-1]]
cluster_250,[[21,39],[21,40],[-1,-1]]
cluster_251,[[22,3],[22,4],[-1,-1]]
cluster_252,[[22,6],[22,7],[-1,-1]]
cluster_253,[[22,13],[22,14],[22,15],[-1,-1]]
cluster_254,[[22,19],[22,20],[-1,-1]]
cluster_255,[[22,27],[23,27],[23,24],[23,25],[23,26],[24,27],[23,28],[24,28],[-1,-1]]
cluster_256,[[22,37],[23,37],[23,35],[23,36],[24,36],[-1,-1]]
cluster_257,[[22,38],[22,39],[-1,-1]]
cluster_258,[[22,40],[23,40],[22,41],[23,41],[22,42],[-1,-1]]
cluster_259,[[22,43],[23,43],[23,42],[22,44],[23,44],[-1,-1]]
cluster_260,[[22,46],[23,46],[23,45],[-1,-1]]
cluster_261,[[22,47],[23,47],[-1,-1]]
cluster_262,[[23,7],[24,7],[24,5],[24,6],[-1,-1]]
cluster_264,[[23,9],[24,9],[-1,-1]]
cluster_265,[[23,12],[24,12],[24,11],[-1,-1]]
cluster_266,[[23,13],[23,14],[-1,-1]]
cluster_267,[[23,15],[23,16],[23,17],[-1,-1]]
cluster_268,[[23,18],[23,19],[-1,-1]]
cluster_269,[[23,20],[23,21],[-1,-1]]
cluster_270,[[23,23],[24,23],[-1,-1]]
cluster_272,[[23,32],[24,32],[24,31],[25,31],[-1,-1]]
cluster_274,[[23,39],[24,39],[-1,-1]]
cluster_275,[[23,48],[23,49],[-1,-1]]
cluster_276,[[24,3],[25,3],[-1,-1]]
cluster_277,[[24,4],[25,4],[-1,-1]]
cluster_279,[[24,8],[25,8],[26,8],[25,9],[-1,-1]]
cluster_280,[[24,10],[25,10],[26,10],[-1,-1]]
cluster_281,[[24,15],[25,15],[24,16],[25,13],[25,14],[26,15],[-1,-1]]
cluster_282,[[24,19],[25,19],[24,20],[26,19],[-1,-1]]
cluster_283,[[24,22],[25,22],[25,23],[-1,-1]]
cluster_284,[[24,24],[25,24],[26,24],[-1,-1]]
cluster_285,[[24,30],[25,30],[-1,-1]]
cluster_287,[[24,33],[24,34],[-1,-1]]
cluster_288,[[24,38],[25,38],[-1,-1]]
cluster_289,[[24,42],[24,43],[-1,-1]]
cluster_290,[[24,47],[24,48],[-1,-1]]
cluster_291,[[25,5],[25,6],[-1,-1]]
cluster_292,[[25,11],[25,12],[-1,-1]]
cluster_294,[[25,25],[25,26],[-1,-1]]
cluster_295,[[25,29],[26,29],[-1,-1]]
cluster_296,[[25,32],[26,32],[26,31],[-1,-1]]
cluster_297,[[25,33],[26,33],[-1,-1]]
cluster_298,[[25,36],[26,36],[25,37],[27,36],[27,35],[28,35],[27,37],[-1,-1]]
cluster_299,[[25,39],[26,39],[25,40],[26,40],[27,40],[27,41],[28,41],[25,42],[26,42],[27,42],[-1,-1]]
cluster_302,[[25,44],[25,45],[-1,-1]]
cluster_303,[[25,47],[26,47],[26,46],[-1,-1]]
cluster_304,[[26,3],[27,3],[27,4],[-1,-1]]
cluster_305,[[26,4],[26,5],[27,5],[-1,-1]]
cluster_306,[[26,9],[27,9],[-1,-1]]
cluster_307,[[26,12],[27,12],[-1,-1]]
cluster_308,[[26,16],[26,17],[-1,-1]]
cluster_309,[[26,22],[27,22],[-1,-1]]
cluster_310,[[26,38],[27,38],[28,38],[27,39],[28,37],[-1,-1]]
cluster_311,[[26,43],[26,44],[27,44],[-1,-1]]
cluster_312,[[27,7],[28,7],[28,5],[28,6],[-1,-1]]
cluster_313,[[27,17],[28,17],[-1,-1]]
cluster_314,[[27,18],[27,19],[-1,-1]]
cluster_315,[[27,20],[28,20],[28,18],[28,19],[-1,-1]]
cluster_316,[[27,23],[28,23],[27,24],[27,25],[-1,-1]]
cluster_317,[[27,27],[28,27],[-1,-1]]
cluster_318,[[27,31],[28,31],[28,30],[-1,-1]]
cluster_320,[[28,3],[28,4],[-1,-1]]
cluster_322,[[28,9],[29,9],[-1,-1]]
cluster_323,[[28,13],[29,13],[29,11],[29,12],[30,12],[-1,-1]]
cluster_324,[[28,15],[28,16],[-1,-1]]
cluster_326,[[28,22],[29,22],[-1,-1]]
cluster_327,[[28,24],[28,25],[-1,-1]]
cluster_328,[[28,28],[29,28],[29,29],[-1,-1]]
cluster_329,[[28,44],[28,45],[-1,-1]]
cluster_331,[[29,19],[30,19],[-1,-1]]
cluster_332,[[29,20],[30,20],[31,20],[30,21],[30,22],[30,23],[31,19],[-1,-1]]
cluster_333,[[29,27],[30,27],[30,26],[30,28],[-1,-1]]
cluster_334,[[29,31],[29,32],[-1,-1]]
cluster_335,[[29,33],[29,34],[-1,-1]]
cluster_336,[[29,35],[30,35],[-1,-1]]
cluster_337,[[29,36],[29,37],[30,37],[29,38],[30,36],[-1,-1]]
cluster_338,[[29,41],[30,41],[30,40],[-1,-1]]
cluster_339,[[29,46],[29,47],[-1,-1]]
cluster_340,[[30,4],[30,5],[-1,-1]]
cluster_341,[[30,16],[30,17],[-1,-1]]
cluster_342,[[30,38],[31,38],[30,39],[-1,-1]]
cluster_343,[[30,42],[30,43],[-1,-1]]
cluster_344,[[30,48],[30,49],[-1,-1]]
cluster_345,[[31,3],[31,4],[-1,-1]]
cluster_346,[[31,6],[31,7],[-1,-1]]
cluster_347,[[31,9],[32,9],[-1,-1]]
cluster_348,[[31,10],[32,10],[-1,-1]]
cluster_349,[[31,14],[32,14],[-1,-1]]
cluster_350,[[31,15],[32,15],[32,16],[32,17],[-1,-1]]
cluster_351,[[31,17],[31,18],[-1,-1]]
cluster_352,[[31,21],[31,22],[-1,-1]]
cluster_353,[[31,24],[31,25],[31,26],[-1,-1]]
cluster_354,[[31,27],[32,27],[-1,-1]]
cluster_355,[[31,28],[31,29],[-1,-1]]
cluster_356,[[31,31],[31,32],[32,32],[33,32],[-1,-1]]
cluster_357,[[31,36],[32,36],[32,37],[32,38],[-1,-1]]
cluster_358,[[31,40],[31,41],[-1,-1]]
cluster_359,[[31,42],[31,43],[-1,-1]]
cluster_360,[[31,44],[32,44],[-1,-1]]
cluster_361,[[31,45],[32,45],[-1,-1]]
cluster_362,[[31,46],[32,46],[33,46],[-1,-1]]
cluster_363,[[31,47],[32,47],[-1,-1]]
cluster_364,[[32,4],[33,4],[33,3],[-1,-1]]
cluster_365,[[32,11],[33,11],[-1,-1]]
cluster_366,[[32,18],[32,19],[32,20],[-1,-1]]
cluster_367,[[32,24],[33,24],[33,23],[-1,-1]]
cluster_368,[[32,31],[33,31],[-1,-1]]
cluster_369,[[32,33],[32,34],[33,34],[33,35],[34,35],[33,36],[-1,-1]]
cluster_370,[[32,42],[32,43],[33,43],[-1,-1]]
cluster_371,[[33,5],[33,6],[-1,-1]]
cluster_372,[[33,19],[33,20],[33,21],[33,22],[-1,-1]]
cluster_373,[[33,27],[34,27],[34,26],[35,26],[-1,-1]]
cluster_374,[[33,37],[33,38],[34,38],[-1,-1]]
cluster_375,[[33,40],[34,40],[-1,-1]]
cluster_376,[[33,42],[34,42],[34,41],[-1,-1]]
cluster_377,[[33,44],[33,45],[34,45],[-1,-1]]
cluster_378,[[34,3],[34,4],[-1,-1]]
cluster_379,[[34,8],[34,9],[-1,-1]]
cluster_380,[[34,12],[35,12],[-1,-1]]
cluster_381,[[34,23],[34,24],[-1,-1]]
cluster_383,[[34,28],[34,29],[-1,-1]]
cluster_384,[[34,34],[35,34],[-1,-1]]
cluster_385,[[34,46],[34,47],[35,47],[36,47],[-1,-1]]
cluster_386,[[35,3],[35,4],[-1,-1]]
cluster_387,[[35,5],[35,6],[-1,-1]]
cluster_388,[[35,9],[36,9],[36,8],[36,10],[-1,-1]]
cluster_389,[[35,11],[36,11],[-1,-1]]
cluster_390,[[35,18],[36,18],[36,19],[-1,-1]]
cluster_391,[[35,19],[35,20],[-1,-1]]
cluster_392,[[35,22],[36,22],[-1,-1]]
cluster_393,[[35,27],[36,27],[36,28],[37,28],[37,27],[38,27],[38,28],[39,27],[39,28],[-1,-1]]
cluster_394,[[35,28],[35,29],[-1,-1]]
cluster_395,[[35,38],[35,39],[36,39],[37,39],[-1,-1]]
cluster_396,[[35,43],[35,44],[-1,-1]]
cluster_397,[[36,4],[37,4],[-1,-1]]
cluster_398,[[36,6],[37,6],[37,5],[38,6],[37,7],[37,8],[38,8],[39,6],[-1,-1]]
cluster_399,[[36,12],[36,13],[37,13],[38,13],[37,14],[38,11],[38,12],[-1,-1]]
cluster_400,[[36,30],[37,30],[-1,-1]]
cluster_401,[[36,32],[37,32],[-1,-1]]
cluster_402,[[36,33],[36,34],[-1,-1]]
cluster_403,[[36,36],[36,37],[-1,-1]]
cluster_404,[[36,43],[37,43],[37,42],[38,42],[38,43],[-1,-1]]
cluster_405,[[37,9],[38,9],[37,10],[37,11],[-1,-1]]
cluster_406,[[37,16],[37,17],[-1,-1]]
cluster_407,[[37,19],[37,20],[37,21],[-1,-1]]
cluster_408,[[37,22],[37,23],[38,23],[-1,-1]]
cluster_410,[[37,31],[38,31],[38,29],[38,30],[38,32],[-1,-1]]
cluster_411,[[37,33],[37,34],[-1,-1]]
cluster_413,[[38,4],[38,5],[-1,-1]]
cluster_415,[[38,17],[38,18],[-1,-1]]
cluster_416,[[38,19],[38,20],[39,20],[-1,-1]]
cluster_418,[[38,33],[38,34],[-1,-1]]
cluster_419,[[38,37],[38,38],[-1,-1]]
cluster_420,[[38,40],[39,40],[39,39],[39,41],[-1,-1]]
cluster_421,[[38,46],[39,46],[39,45],[40,45],[38,47],[39,47],[40,44],[-1,-1]]
cluster_422,[[39,8],[40,8],[-1,-1]]
cluster_424,[[39,10],[39,11],[40,11],[40,12],[-1,-1]]
cluster_425,[[39,15],[40,15],[-1,-1]]
cluster_426,[[39,17],[39,18],[40,18],[-1,-1]]
cluster_427,[[39,21],[39,22],[-1,-1]]
cluster_428,[[39,25],[40,25],[-1,-1]]
cluster_429,[[39,32],[39,33],[-1,-1]]
cluster_430,[[39,42],[40,42],[-1,-1]]
cluster_432,[[40,3],[40,4],[-1,-1]]
cluster_433,[[40,5],[40,6],[-1,-1]]
cluster_434,[[40,14],[41,14],[-1,-1]]
cluster_435,[[40,16],[41,16],[-1,-1]]
cluster_436,[[40,21],[40,22],[-1,-1]]
cluster_437,[[40,28],[40,29],[-1,-1]]
cluster_438,[[40,31],[40,32],[40,33],[-1,-1]]
cluster_439,[[40,35],[41,35],[40,36],[41,34],[-1,-1]]
cluster_440,[[40,37],[41,37],[41,36],[41,38],[-1,-1]]
cluster_441,[[40,40],[40,41],[-1,-1]]
cluster_442,[[40,46],[41,46],[40,47],[41,44],[41,45],[42,46],[-1,-1]]
cluster_443,[[41,4],[41,5],[-1,-1]]
cluster_444,[[41,7],[41,8],[42,8],[42,9],[-1,-1]]
cluster_445,[[41,9],[41,10],[42,10],[-1,-1]]
cluster_446,[[41,11],[41,12],[-1,-1]]
cluster_447,[[41,17],[42,17],[42,16],[-1,-1]]
cluster_448,[[41,21],[41,22],[-1,-1]]
cluster_449,[[41,23],[41,24],[-1,-1]]
cluster_450,[[41,25],[42,25],[-1,-1]]
cluster_451,[[41,41],[41,42],[42,42],[-1,-1]]
cluster_453,[[41,47],[41,48],[-1,-1]]
cluster_454,[[42,3],[42,4],[-1,-1]]
cluster_455,[[42,5],[42,6],[-1,-1]]
cluster_456,[[42,12],[43,12],[43,10],[43,11],[-1,-1]]
cluster_457,[[42,14],[43,14],[-1,-1]]
cluster_458,[[42,15],[43,15],[-1,-1]]
cluster_459,[[42,19],[42,20],[43,20],[-1,-1]]
cluster_460,[[42,21],[42,22],[42,23],[-1,-1]]
cluster_461,[[42,26],[43,26],[43,24],[43,25],[-1,-1]]
cluster_462,[[42,27],[43,27],[43,28],[-1,-1]]
cluster_463,[[42,29],[42,30],[-1,-1]]
cluster_464,[[42,31],[42,32],[-1,-1]]
cluster_465,[[42,35],[43,35],[44,35],[44,36],[-1,-1]]
cluster_466,[[42,39],[43,39],[-1,-1]]
cluster_467,[[42,47],[42,48],[43,48],[-1,-1]]
cluster_468,[[43,7],[44,7],[45,7],[-1,-1]]
cluster_471,[[43,32],[44,32],[44,31],[-1,-1]]
cluster_472,[[43,34],[44,34],[-1,-1]]
cluster_473,[[43,38],[44,38],[-1,-1]]
cluster_474,[[43,43],[44,43],[-1,-1]]
cluster_475,[[43,45],[44,45],[-1,-1]]
cluster_476,[[43,47],[44,47],[-1,-1]]
cluster_477,[[44,14],[45,14],[-1,-1]]
cluster_478,[[44,15],[45,15],[45,16],[46,16],[46,17],[46,18],[-1,-1]]
cluster_479,[[44,21],[44,22],[-1,-1]]
cluster_480,[[44,28],[45,28],[45,27],[46,27],[46,28],[46,26],[47,27],[47,26],[47,28],[48,28],[49,28],[48,29],[-1,-1]]
cluster_481,[[44,41],[44,42],[45,42],[45,43],[-1,-1]]
cluster_482,[[44,48],[44,49],[-1,-1]]
cluster_483,[[45,4],[45,5],[46,5],[45,6],[47,5],[48,5],[-1,-1]]
cluster_484,[[45,20],[45,21],[45,22],[46,22],[45,23],[-1,-1]]
cluster_485,[[45,24],[45,25],[-1,-1]]
cluster_487,[[45,32],[46,32],[-1,-1]]
cluster_488,[[45,33],[46,33],[-1,-1]]
cluster_489,[[45,37],[45,38],[-1,-1]]
cluster_490,[[45,44],[45,45],[-1,-1]]
cluster_491,[[45,46],[46,46],[-1,-1]]
cluster_492,[[46,8],[46,9],[46,10],[-1,-1]]
cluster_493,[[46,12],[47,12],[-1,-1]]
cluster_494,[[46,14],[46,15],[-1,-1]]
cluster_495,[[46,20],[47,20],[-1,-1]]
cluster_496,[[46,23],[47,23],[48,23],[-1,-1]]
cluster_497,[[46,25],[47,25],[-1,-1]]
cluster_498,[[46,30],[46,31],[-1,-1]]
cluster_499,[[46,34],[46,35],[-1,-1]]
cluster_500,[[46,45],[47,45],[-1,-1]]
cluster_501,[[47,8],[47,9],[-1,-1]]
cluster_502,[[47,16],[47,17],[-1,-1]]
cluster_503,[[47,19],[48,19],[-1,-1]]
cluster_504,[[47,21],[47,22],[-1,-1]]
cluster_505,[[47,31],[47,32],[-1,-1]]
cluster_506,[[47,34],[48,34],[-1,-1]]
cluster_507,[[47,37],[47,38],[48,38],[48,36],[49,36],[48,37],[49,38],[-1,-1]]
cluster_508,[[47,39],[48,39],[-1,-1]]
cluster_509,[[47,41],[47,42],[-1,-1]]
cluster_510,[[47,48],[48,48],[-1,-1]]
cluster_511,[[48,4],[49,4],[-1,-1]]
cluster_512,[[48,21],[48,22],[-1,-1]]
cluster_513,[[48,24],[48,25],[-1,-1]]
cluster_514,[[48,32],[48,33],[-1,-1]]
cluster_515,[[48,35],[49,35],[-1,-1]]
cluster_517,[[48,45],[48,46],[-1,-1]]
