0.656847 0.366881 0.595802 0.672986 0.721427 0.993522 0.614263 0.485315 0.325303 0.914204 0.478838 0.809822 0.210022 0.11863 0.232386 0.00234109 0.697176 0.0626172 0.0161482 0.125022 0.181989 0.807923 0.59658 0.56241 0.370639 0.841948 0.165795 0.597395 0.792653 0.798691 0.371471 0.63851 0.665855 0.33348 0.569511 0.811242 0.0842782 0.810649 0.189864 0.708605 0.536496 0.482604 0.160394 0.735528 0.164692 0.863709 0.526662 0.07972 0.940519 0.900537 
0.23124 0.0538602 0.175987 0.519399 0.384481 0.133515 0.523819 0.0456471 0.206496 0.710244 0.761525 0.7485 0.361323 0.818064 0.454948 0.859682 0.40119 0.0966723 0.068801 0.460199 0.725074 0.917622 0.666412 0.339734 0.69808 0.67879 0.766904 0.546136 0.13253 0.287049 0.987608 0.889313 0.153132 0.33368 0.68989 0.508848 0.687335 0.971579 0.0654256 0.591009 0.0953234 0.0513237 0.886871 0.730629 0.518111 0.841769 0.372398 0.874214 0.564769 0.319918 
0.0115155 0.498544 0.615709 0.0879437 0.765953 0.16269 0.442789 0.480843 0.49539 0.728323 0.936059 0.639528 0.444828 0.987045 0.830031 0.121575 0.756797 0.359733 0.0234513 0.98498 0.935921 0.100109 0.99776 0.109895 0.0336957 0.0488228 0.858294 0.592148 0.91902 0.157814 0.187215 0.851566 0.716513 0.0850864 0.316727 0.57339 0.79328 0.682087 0.963263 0.463226 0.570041 0.429615 0.287144 0.215212 0.619328 0.181516 0.357448 0.711598 0.286343 0.603645 
0.203303 0.839067 0.926554 0.227478 0.455132 0.794777 0.713356 0.662392 0.115221 0.617681 0.313487 0.363409 0.658933 0.0348594 0.91223 0.207922 0.11648 0.330086 0.507354 0.0882938 0.312166 0.61392 0.339752 0.853009 0.418077 0.137195 0.247658 0.138331 0.0964545 0.526672 0.915846 0.504636 0.112909 0.771311 0.561582 0.208844 0.086933 0.20791 0.280069 0.973625 0.245229 0.894945 0.0153767 0.507566 0.835357 0.733171 0.804656 0.823233 0.470004 0.757538 
0.370733 0.548041 0.576746 0.56929 0.40203 0.868099 0.593187 0.170144 0.925046 0.563517 0.657536 0.469851 0.736444 0.956298 0.42088 0.907655 0.369745 0.750439 0.904623 0.949369 0.679675 0.204288 0.541227 0.248227 0.706655 0.398269 0.309029 0.573016 0.678883 0.392062 0.645853 0.242433 0.845417 0.286209 0.887915 0.703195 0.609137 0.938246 0.690813 0.320191 0.108604 0.0146636 0.291927 0.306184 0.718099 0.195513 0.260615 0.909266 0.199163 0.234871 
0.811552 0.555853 0.185281 0.0505547 0.332761 0.430024 0.231777 0.919575 0.43186 0.0369127 0.49 0.99582 0.98073 0.372526 0.643983 0.560219 0.940991 0.685227 0.504676 0.326066 0.716379 0.427719 0.47136 0.487288 0.147042 0.767888 0.458373 0.391051 0.950557 0.208842 0.64454 0.890328 0.326346 0.848791 0.74566 0.283844 0.258271 0.264066 0.166717 0.159432 0.801572 0.78183 0.550051 0.988982 0.996752 0.0463469 0.674767 0.273695 0.195691 0.939329 
0.0395067 0.722621 0.574787 0.240621 0.45347 0.0607872 0.690099 0.83293 0.215247 0.285162 0.629102 0.924741 0.805095 0.435428 0.289651 0.693149 0.399997 0.14908 0.77646 0.20526 0.202175 0.142044 0.562716 0.35729 0.449221 0.594328 0.211233 0.0300752 0.891363 0.903109 0.793598 0.324292 0.936231 0.598376 0.793205 0.336013 0.804006 0.424271 0.462913 0.493153 0.4856 0.26829 0.664719 0.845192 0.435334 0.844855 0.912707 0.994546 0.563644 0.586202 
0.0615428 0.221371 0.415135 0.553254 0.875908 0.807511 0.942301 0.817519 0.854679 0.514862 0.323386 0.524333 0.153865 0.256562 0.220223 0.695954 0.497987 0.00285388 0.0834212 0.161591 0.650523 0.896298 0.807034 0.240343 0.981081 0.475439 2.31942e-05 0.882075 0.551132 0.704962 0.410851 0.684402 0.206182 0.945595 0.0667353 0.302724 0.776158 0.235267 0.214003 0.841597 0.239793 0.561474 0.0237042 0.98482 0.335064 0.0347585 0.293756 0.643327 0.00355064 0.0253129 
0.80897 0.996375 0.991776 0.277711 0.175593 0.732308 0.650016 0.597105 0.300075 0.00372202 0.607709 0.413928 0.633374 0.275652 0.605491 0.37198 0.53935 0.796181 0.877117 0.873675 0.617025 0.569597 0.442926 0.324241 0.213655 0.968686 0.469991 0.634886 0.53205 0.901788 0.328987 0.160015 0.202973 0.590141 0.836138 0.852099 0.853444 0.412614 0.952605 0.127949 0.592539 0.0545651 0.830424 0.0738929 0.328524 0.684791 0.608241 0.664962 0.972987 0.783607 
0.450733 0.501085 0.56818 0.368063 0.305065 0.225458 0.0307749 0.585926 0.951934 0.677981 0.041378 0.869238 0.526372 0.747569 0.363835 0.104921 0.320401 0.935262 0.659176 0.447087 0.437717 0.480233 0.754433 0.538862 0.813887 0.0728451 0.443269 0.00815258 0.0398355 0.0619932 0.310619 0.305792 0.732428 0.0392351 0.728416 0.439586 0.256627 0.863182 0.618283 0.372193 0.387377 0.818688 0.316298 0.222513 0.119468 0.37508 0.0136241 0.573997 0.608767 0.4469 
0.582459 0.397324 0.579027 0.835696 0.360611 0.900236 0.142542 0.550387 0.713707 0.712799 0.64516 0.695644 0.72648 0.86744 0.549806 0.649181 0.730032 0.113756 0.36576 0.740644 0.336428 0.42059 0.0593945 0.7656 0.964325 0.250626 0.0903878 0.121785 0.933848 0.218666 0.721549 0.0583278 0.207482 0.0573982 0.471568 0.532343 0.318918 0.416808 0.417032 0.826983 0.520523 0.437421 0.159413 0.35551 0.531791 0.760852 0.759746 0.12512 0.834486 0.210229 
0.890051 0.168999 0.825083 0.62908 0.276697 0.601762 0.804268 0.191111 0.695646 0.254349 0.925769 0.227665 0.278091 0.0041233 0.400077 0.403653 0.34169 0.975456 0.843981 0.902 0.889567 0.661076 0.442178 0.993951 0.305526 0.402176 0.552205 0.141559 0.820256 0.956802 0.666751 0.590249 0.508717 0.470295 0.230258 0.116745 0.422716 0.788966 0.859583 0.470877 0.857021 0.249679 0.624065 0.329682 0.611478 0.998555 0.60363 0.404447 0.61036 0.311725 
0.197893 0.116137 0.892333 0.377534 0.74255 0.335703 0.0993812 0.187592 0.964824 0.210386 0.969594 0.911051 0.429847 0.815489 0.969838 0.609013 0.643664 0.662263 0.0693749 0.0366301 0.940438 0.27053 0.555086 0.00665083 0.20001 0.390209 0.672203 0.285241 0.87741 0.598168 0.00360798 0.74928 0.539727 0.25514 0.204591 0.274703 0.397279 0.126332 0.947491 0.092643 0.236056 0.11638 0.648776 0.506781 0.787922 0.474017 0.233586 0.7046 0.934738 0.850777 
0.739639 0.977591 0.593153 0.840841 0.159374 0.806849 0.475592 0.122258 0.123436 0.231496 0.782899 0.93222 0.651481 0.715987 0.583017 0.881037 0.671925 0.15242 0.521543 0.171449 0.729389 0.180955 0.21342 0.483489 0.240543 0.109063 0.386456 0.54806 0.548842 0.111927 0.958087 0.0480074 0.819334 0.588573 0.0791873 0.916714 0.762314 0.96721 0.871158 0.19335 0.659729 0.652677 0.569768 0.209928 0.981835 0.604097 0.248054 0.928822 0.00523811 0.653919 
0.379399 0.648958 0.364645 0.659143 0.181584 0.798953 0.334032 0.879451 0.434093 0.936771 0.479372 0.951847 0.426581 0.996237 0.665029 0.60136 0.588054 0.324743 0.503785 0.659841 0.679455 0.832233 0.670703 0.7659 0.888898 0.534038 0.7634 0.328515 0.293253 0.926605 0.791498 0.454389 0.644636 0.723593 0.672145 0.861627 0.874344 0.216522 0.589216 0.496978 0.457221 0.27144 0.0994793 0.49169 0.328772 0.238265 0.889741 0.432402 0.279612 0.101378 
0.140495 0.277002 0.70588 0.975629 0.593921 0.329382 0.931338 0.955802 0.811598 0.835719 0.856557 0.265905 0.700759 0.971545 0.353179 0.976763 0.6553 0.175749 0.824693 0.871693 0.826867 0.0222234 0.301754 0.307486 0.470083 0.602753 0.448401 0.864247 0.498135 0.96972 0.875942 0.253797 0.757669 0.188952 0.635854 0.515804 0.538269 0.0931533 0.331115 0.254193 0.796208 0.839877 0.132704 0.154189 0.565606 0.887074 0.822354 0.792335 0.0978615 0.926188 
0.478662 0.173671 0.428796 0.295953 0.35014 0.22971 0.328433 0.0767278 0.264402 0.680752 0.387735 0.498975 0.56908 0.289663 0.192295 0.105694 0.962384 0.118388 0.603501 0.200945 0.138851 0.727913 0.853603 0.90276 0.590891 0.620814 0.145842 0.404098 0.0851103 0.519057 0.35947 0.0332171 0.76557 0.559799 0.494343 0.483317 0.748487 0.543551 0.832976 0.467251 0.238053 0.0359177 0.942477 0.181665 0.0708296 0.0933214 0.289515 0.043074 0.458883 0.487076 
0.71728 0.562442 0.538216 0.286223 0.315587 0.664256 0.922053 0.0498299 0.236069 0.378288 0.68292 0.425301 0.0784096 0.00521129 0.141437 0.255457 0.121105 0.935468 0.910625 0.186759 0.187617 0.277726 0.660298 0.754242 0.708198 0.387746 0.822523 0.446971 0.572276 0.950839 0.15877 0.776052 0.0987139 0.812658 0.225503 0.789737 0.61157 0.433097 0.340327 0.141949 0.96569 0.282142 0.884924 0.0636643 0.311541 0.562825 0.508972 0.783818 0.954822 0.745745 
0.144579 0.654766 0.108314 0.563417 0.658486 0.386525 0.519812 0.246291 0.184572 0.106601 0.0507298 0.32511 0.0274448 0.462143 0.414764 0.865915 0.563587 0.171736 0.526311 0.434465 0.246288 0.152627 0.167851 0.8232 0.965521 0.753794 0.156183 0.294185 0.731869 0.445636 0.524471 0.452054 0.100129 0.488449 0.405032 0.688312 0.491932 0.427683 0.604993 0.0257987 0.0583779 0.661607 0.414793 0.832394 0.127326 0.840657 0.781938 0.575982 0.311992 0.686636 
0.599327 0.0445658 0.525642 0.252049 0.0616797 0.134193 0.576332 0.0360893 0.00532407 0.119487 0.463801 0.123216 0.227566 0.451011 0.999994 0.025589 0.382504 0.00578982 0.809185 0.654095 0.558692 0.923614 0.926095 0.45138 0.0500035 0.621015 0.23511 0.811393 0.964966 0.874812 0.308796 0.417707 0.356478 0.641375 0.625501 0.119428 0.0411382 0.011468 0.523125 0.73151 0.084608 0.229144 0.0288558 0.0140561 0.00623087 0.768413 0.726995 0.697022 0.188049 0.342316 
0.663695 0.667893 0.20962 0.477247 0.72764 0.145081 0.853029 0.393878 0.233561 0.14294 0.516325 0.434805 0.866976 0.702298 0.655677 0.643637 0.827696 0.325356 0.522083 0.589613 0.774937 0.891176 0.878185 0.725082 0.655562 0.400042 0.597099 0.600378 0.999144 0.00951144 0.997174 0.890012 0.751927 0.34124 0.869809 0.0412247 0.110381 0.0251138 0.221677 0.316977 0.125965 0.833702 0.0174529 0.619793 0.08778 0.733626 0.463839 0.667541 0.888596 0.711952 
0.139809 0.210511 0.499393 0.590202 0.0231375 0.581358 0.62107 0.917486 0.268825 0.622688 0.578689 0.777547 0.230125 0.306505 0.365772 0.469245 0.77961 0.219544 0.0783954 0.139297 0.740479 0.353249 0.855447 0.98558 0.15174 0.350698 0.938536 0.426815 0.09172 0.777702 0.546617 0.0479774 0.348489 0.0587196 0.887055 0.77487 0.349031 0.655408 0.620197 0.856593 0.789871 0.730426 0.462826 0.29388 0.518896 0.150553 0.597792 0.703341 0.566724 0.102432 
0.201014 0.414925 0.945343 0.304212 0.492564 0.994777 0.736133 0.158034 0.519309 0.757605 0.294269 0.624287 0.0776188 0.140357 0.258976 0.273895 0.291349 0.48208 0.41225 0.253433 0.311338 0.136016 0.380924 0.845147 0.924637 0.878646 0.933695 0.872533 0.208243 0.591162 0.0964046 0.591098 0.914475 0.391355 0.279419 0.216954 0.260217 0.362785 0.0152639 0.873218 0.847957 0.422061 0.372912 0.291856 0.0621725 0.148874 0.498369 0.393093 0.45199 0.0915334 
0.56629 0.128901 0.353445 0.492051 0.666183 0.652684 0.732994 0.373176 0.569176 0.187773 0.644713 0.651572 0.880336 0.0401005 0.490308 0.575826 0.75172 0.243912 0.643109 0.707988 0.558105 0.796965 0.292446 0.503658 0.399034 0.724372 0.835089 0.814754 0.553224 0.382114 0.538281 0.528835 0.251861 0.160389 0.800946 0.258691 0.460453 0.910589 0.0104248 0.641926 0.428084 0.880611 0.864495 0.512959 0.217422 0.0185808 0.133318 0.181208 0.733036 0.393191 
0.359497 0.740383 0.374532 0.570081 0.0975518 0.121395 0.27293 0.460943 0.417005 0.278937 0.869202 0.796745 0.407243 0.431876 0.508228 0.153382 0.031922 0.893659 0.72051 0.263274 0.159527 0.74328 0.691782 0.552338 0.00871468 0.0725258 0.984385 0.0727835 0.827308 0.28403 0.536079 0.422244 0.939896 0.498805 0.922305 0.643767 0.725802 0.88897 0.348844 0.242877 0.997083 0.314308 0.4936 0.3073 0.319559 0.95279 0.315302 0.546943 0.292537 0.777903 
0.73039 0.170241 0.938639 0.359647 0.427435 0.948505 0.780008 0.464846 0.702918 0.298664 0.0129287 0.398602 0.985486 0.0624237 0.480313 0.859505 0.898983 0.130236 0.727178 0.415802 0.660587 0.506009 0.0479002 0.509964 0.904432 0.343261 0.757956 0.221229 0.823442 0.53486 0.321228 0.332584 0.860171 0.0778581 0.328211 0.724526 0.411918 0.688191 0.342054 0.313529 0.710867 0.327543 0.179622 0.188594 0.594318 0.370969 0.403753 0.0706541 0.470343 0.792032 
0.220345 0.474198 0.889446 0.857025 0.347358 0.186238 0.538122 0.156175 0.746978 0.512911 0.119018 0.458804 0.0708519 0.23705 0.0449224 0.546878 0.138735 0.500864 0.434888 0.911867 0.0610618 0.597265 0.266093 0.226407 0.292149 0.571718 0.165269 0.00548025 0.689202 0.246379 0.948463 0.654121 0.449788 0.258606 0.6853 0.764696 0.855387 0.752382 0.693907 0.309257 0.37747 0.278531 0.705298 0.134567 0.878886 0.213923 0.889309 0.728563 0.48113 0.638677 
0.389242 0.590034 0.0706034 0.00908146 0.514015 0.593878 0.633911 0.269558 0.571252 0.315994 0.661859 0.907575 0.23996 0.113176 0.673326 0.765682 0.140705 0.831595 0.883837 0.864778 0.22142 0.811204 0.296583 0.448511 0.547661 0.738625 0.159226 0.269844 0.576937 0.927946 0.9943 0.394901 0.934722 0.812819 0.590329 0.970489 0.69483 0.746361 0.179861 0.834978 0.395114 0.811629 0.596025 0.252879 0.325262 0.722118 0.0213627 0.283277 0.773768 0.0456131 
0.494391 0.192149 0.711354 0.2695 0.995209 0.396435 0.849044 0.14621 0.593301 0.871259 0.138611 0.122113 0.212375 0.671758 0.989721 0.238446 0.834191 0.941088 0.174858 0.530135 0.348285 0.753533 0.0218439 0.132324 0.271181 0.123509 0.517612 0.194104 0.26775 0.754374 0.275866 0.27395 0.678882 0.657082 0.810648 0.251871 0.303645 0.363628 0.594717 0.484138 0.741942 0.567377 0.28125 0.623525 0.0387079 0.457659 0.396757 0.499918 0.226204 0.0585014 
0.894699 0.830401 0.922116 0.767981 0.815104 0.21296 0.0304768 0.501361 0.870251 0.16634 0.381412 0.199324 0.411144 0.775623 0.366318 0.858774 0.935386 0.341699 0.150785 0.562589 0.589778 0.593037 0.588651 0.372845 0.753757 0.510596 0.446432 0.360194 0.155637 0.58391 0.445891 0.0432705 0.497482 0.140539 0.860004 0.404081 0.367955 0.0522465 0.0364408 0.765491 0.823996 0.671437 0.574889 0.473747 0.697561 0.1553 0.945052 0.310568 0.396281 0.90309 
0.643853 0.766748 0.58011 0.629829 0.0281215 0.721043 0.663754 0.0759036 0.399085 0.830805 0.673437 0.861269 0.214761 0.384612 0.16579 0.707037 0.588045 0.504237 0.722887 0.640688 0.311008 0.235234 0.0917097 0.223122 0.216814 0.157836 0.779688 0.625596 0.62282 0.755214 0.580213 0.512288 0.972281 0.48454 0.217283 0.516663 0.724842 0.136582 0.89789 0.525901 0.430968 0.83345 0.775443 0.136605 0.414999 0.833289 0.596545 0.838879 0.657341 0.705795 
0.154857 0.955651 0.991532 0.222244 0.738368 0.242522 0.0770237 0.448559 0.306103 0.856189 0.37519 0.131791 0.532597 0.351046 0.0714821 0.0222509 0.12114 0.838738 0.855315 0.833996 0.110433 0.599622 0.194704 0.583707 0.932182 0.0263642 0.847078 0.360631 0.869777 0.291622 0.734934 0.461387 0.253368 0.157959 0.342 0.560466 0.474678 0.375225 0.0885101 0.990038 0.883861 0.536415 0.500344 0.0831382 0.385719 0.770471 0.591438 0.139098 0.807182 0.814089 
0.339605 0.728586 0.261731 0.296476 0.00599038 0.0696288 0.503927 0.798677 0.999228 0.499512 0.341781 0.462884 0.0996299 0.903873 0.681645 0.174935 0.433105 0.73232 0.276705 0.365436 0.381019 0.292198 0.497495 0.58024 0.186826 0.648576 0.0161817 0.213681 0.3776 0.995239 0.736287 0.480844 0.581213 0.0840019 0.0459976 0.00707943 0.203729 0.151998 0.480733 0.796492 0.383381 0.157988 0.460414 0.630437 0.561613 0.691949 0.230235 0.841842 0.898431 0.33439 
0.237492 0.875298 0.68241 0.728738 0.930025 0.68648 0.285857 0.168572 0.176207 0.935788 0.466954 0.578849 0.920599 0.521794 0.0588959 0.993061 0.272087 0.0146392 0.465047 0.903818 0.209336 0.631521 0.362425 0.33704 0.964737 0.100584 0.0895376 0.725996 0.636015 0.893938 0.0294355 0.655885 0.164026 0.77058 0.0401768 0.250662 0.43633 0.0599249 0.318274 0.765082 0.151338 0.060652 0.737969 0.137681 0.5859 0.477214 0.502416 0.220167 0.587179 0.736175 
0.764549 0.397936 0.864478 0.908185 0.211559 0.189764 0.498115 0.860391 0.419342 0.632352 0.973137 0.525668 0.713676 0.0966783 0.601523 0.772299 0.949029 0.58967 0.338464 0.321906 0.549181 0.412133 0.543734 0.770809 0.588473 0.0108528 0.709932 0.992641 0.986857 0.724751 0.194519 0.513593 0.918943 0.789265 0.926724 0.510276 0.261695 0.697558 0.63628 0.457306 0.586955 0.808278 0.60546 0.510463 0.847963 0.330808 0.441532 0.586903 0.843247 0.295329 
0.69302 0.517559 0.578537 0.239844 0.753427 0.0135053 0.27951 0.388344 0.34529 0.332385 0.886149 0.0376366 0.118556 0.500344 0.803477 0.0173731 0.542739 0.664446 0.592817 0.876937 0.731728 0.322573 0.162693 0.0118608 0.369305 0.471392 0.693203 0.611857 0.261108 0.5776 0.0562916 0.668001 0.225724 0.178482 0.760857 0.941194 0.954864 0.163781 0.64299 0.114125 0.36484 0.591579 0.311845 0.81912 0.147768 0.00781871 0.527501 0.712432 0.592869 0.601175 
0.615688 0.67287 0.146237 0.251206 0.0598975 0.0610836 0.0576019 0.0587316 0.635509 0.634031 0.707182 0.877085 0.10223 0.0924728 0.905042 0.336058 0.346079 0.211681 0.477859 0.493124 0.588762 0.195515 0.264376 0.594511 0.104428 0.728554 0.573342 0.623183 0.781215 0.622364 0.248815 0.684602 0.57608 0.554521 0.0167491 0.215367 0.510001 0.861909 0.631076 0.757677 0.8993 0.254541 0.309179 0.482961 0.770775 0.194851 0.358512 0.915509 0.491843 0.984426 
0.464075 0.736175 0.99901 0.568429 0.560428 0.0470219 0.286473 0.0126375 0.726101 0.954068 0.0052874 0.00583732 0.1026 0.880219 0.17946 0.0416285 0.553363 0.524011 0.784334 0.863845 0.0655937 0.982937 0.263742 0.471265 0.210315 0.934004 0.499222 0.573454 0.112097 0.148479 0.180422 0.230506 0.746059 0.720934 0.380065 0.00531943 0.635118 0.617874 0.397214 0.0669239 0.592446 0.327042 0.261212 0.789641 0.371289 0.951277 0.842873 0.121001 0.934895 0.159803 
0.632727 0.564405 0.567488 0.284046 0.424268 0.105472 0.821241 0.193938 0.499143 0.117907 0.134711 0.436529 0.733737 0.417035 0.658481 0.530905 0.926731 0.987036 0.342155 0.938207 0.32213 0.328762 0.115735 0.68851 0.99903 0.00896373 0.417441 0.671027 0.323456 0.756698 0.427351 0.0868228 0.177959 0.938845 0.61855 0.412882 0.765943 0.336016 0.119795 0.0806173 0.0364621 0.917558 0.370892 0.255158 0.945599 0.934919 0.917723 0.493417 0.800394 0.485082 
0.48978 0.615746 0.716293 0.628447 0.195229 0.235655 0.926339 0.28331 0.0707085 0.950884 0.133709 0.175469 0.502009 0.0492756 0.7524 0.871655 0.372361 0.955964 0.0476587 0.251456 0.733024 0.672395 0.822073 0.549964 0.991833 0.508107 0.810856 0.565051 0.528155 0.302168 0.673834 0.708729 0.701132 0.43412 0.804301 0.778857 0.584324 0.126134 0.480148 0.593992 0.547605 0.882301 0.645332 0.855985 0.934561 0.403883 0.49557 0.730822 0.763202 0.930069 
0.127546 0.30227 0.547609 0.863739 0.947303 0.613766 0.0872651 0.153105 0.74058 0.662955 0.00855377 0.0412095 0.73163 0.0466695 0.391593 0.805736 0.158977 0.262114 0.798204 0.554621 0.432831 0.359595 0.191073 0.100806 0.855611 0.302855 0.571114 0.28391 0.696835 0.107777 0.452995 0.824729 0.261563 0.698056 0.746267 0.510475 0.538629 0.485095 0.77725 0.881677 0.168076 0.223522 0.479475 0.585009 0.514112 0.480947 0.900775 0.882684 0.12052 0.446018 
0.797424 0.433876 0.663683 0.740091 0.485533 0.509967 0.647407 0.0569379 0.0858462 0.613417 0.80014 0.27943 0.463345 0.59985 0.849795 0.27794 0.203114 0.964801 0.115268 0.185388 0.783028 0.715395 0.806897 0.67271 0.901937 0.576365 0.0814845 0.528486 0.358108 0.314658 0.129077 0.0570548 0.870969 0.556247 0.874289 0.202851 0.666631 0.0440258 0.285246 0.557908 0.413244 0.266054 0.0455982 0.786302 0.269272 0.535388 0.748654 0.727872 0.113292 0.177739 
0.352102 0.263886 0.278977 0.430935 0.655281 0.35305 0.763112 0.98174 0.376497 0.258413 0.333785 0.365642 0.89289 0.513648 0.932905 0.105926 0.96369 0.448168 0.947385 0.219549 0.398736 0.839867 0.298911 0.552379 0.553203 0.551735 0.0624399 0.0867073 0.720681 0.563902 0.422698 0.198618 0.642458 0.194352 0.801067 0.948292 0.533499 0.777444 0.256511 0.979289 0.17445 0.799475 0.351774 0.0205908 0.868503 0.340219 0.908323 0.735785 0.165635 0.741929 
0.6846 0.21518 0.131001 0.196024 0.989463 0.679833 0.834172 0.475023 0.680704 0.0369338 0.212636 0.0276168 0.454669 0.0698895 0.265866 0.877384 0.565801 0.242821 0.434216 0.860332 0.605611 0.605778 0.749556 0.384498 0.0218002 0.995109 0.193968 0.412549 0.960029 0.777588 0.163318 0.191314 0.931945 0.104976 0.850875 0.779257 0.291932 0.735579 0.47384 0.305437 0.858277 0.941309 0.386087 0.557953 0.826504 0.625281 0.892008 0.434079 0.429231 0.144312 
0.609894 0.662796 0.654551 0.0456521 0.110428 0.147887 0.741731 0.331959 0.8429 0.49893 0.953344 0.267828 0.937845 0.14655 0.353287 0.347734 0.840129 0.581586 0.0357459 0.343164 0.275087 0.29427 0.390756 0.511956 0.453601 0.822866 0.41308 0.5109 0.233133 0.88932 0.357868 0.874695 0.451421 0.209937 0.03604 0.960044 0.54597 0.462613 0.305558 0.858691 0.666651 0.99952 0.911807 0.216266 0.210864 0.908302 0.636899 0.965073 0.750661 0.102317 
0.319379 0.832197 0.735727 0.359846 0.0532069 0.565602 0.0641627 0.780256 0.680493 0.602838 0.426657 0.967806 0.416981 0.758314 0.67818 0.440491 0.347949 0.36246 0.779057 0.0638527 0.673719 0.376128 0.754419 0.651434 0.787439 0.315779 0.32507 0.477036 0.862831 0.738357 0.649378 0.906687 0.533277 0.885363 0.898515 0.449342 0.0426117 0.611151 0.0400869 0.73362 0.562065 0.748401 0.00957087 0.536464 0.851916 0.996723 0.302007 0.732595 0.242959 0.043297 
0.14054 0.483594 0.966582 0.861006 0.074993 0.979796 0.778927 0.110781 0.0254281 0.41128 0.20191 0.967392 0.608259 0.0394694 0.855985 0.665427 0.615377 0.837808 0.511951 0.147446 0.856357 0.953778 0.671147 0.273753 0.829397 0.163306 0.255522 0.207166 0.462327 0.976131 0.533185 0.624692 0.921742 0.383443 0.593289 0.926875 0.513395 0.414085 0.867142 0.438666 0.332346 0.41552 0.689626 0.336277 0.821808 0.184871 0.618934 0.107061 0.730303 0.276537 
0.302104 0.561754 0.0522853 0.476569 0.0607624 0.503864 0.141892 0.759143 0.22432 0.573538 0.863959 0.362354 0.161634 0.937457 0.637799 0.139163 0.44992 0.114481 0.586739 0.853782 0.164367 0.255547 0.680719 0.123867 0.076872 0.962707 0.632374 0.250774 0.344788 0.480373 0.3402 0.499075 0.593801 0.35502 0.900617 0.305228 0.325913 0.331226 0.960836 0.590415 0.70605 0.132338 0.400085 0.852893 0.00970133 0.0623536 0.349904 0.104726 0.273829 0.660565 
0.113595 0.0144316 0.715347 0.431538 0.885546 0.0788804 0.138819 0.574592 0.030017 0.40834 0.447152 0.373737 0.879357 0.473986 0.961865 0.147271 0.853914 0.488322 0.0276917 0.371106 0.532823 0.0998208 0.469305 0.977147 0.444646 0.450813 0.158861 0.289211 0.71933 0.0247561 0.0263338 0.801529 0.481256 0.150582 0.958147 0.206284 0.704667 0.36191 0.603606 0.473806 0.603097 0.741772 0.0256311 0.99662 0.237865 0.369212 0.978642 0.902566 0.580413 0.43856 
0.96545 0.377733 0.103866 0.835815 0.0590956 0.304407 0.387413 0.0412925 0.0441951 0.947528 0.454567 0.516465 0.738135 0.552685 0.923611 0.0893678 0.931666 0.582781 0.87891 0.975184 0.137899 0.720556 0.630499 0.00341531 0.285795 0.506634 0.617645 0.560932 0.176732 0.338897 0.5876 0.279592 0.606509 0.426149 0.49915 0.634354 0.709802 0.172423 0.508411 0.191512 0.83607 0.939002 0.492637 0.661875 0.743926 0.391108 0.743484 0.451488 0.406914 0.357054 
